0 1
1 1
2 1
3 1
4 0
5 0
6 2
7 1
8 1
9 2
10 1
11 2
12 0
13 1
14 2
15 2
16 2
17 1
18 2
19 0
20 0
21 0
22 0
23 2
24 1
25 0
26 1
27 0
28 1
29 1
30 0
31 2
32 1
33 1
34 1
35 2
36 0
37 1
38 0
39 2
40 2
41 2
42 2
43 2
44 2
45 0
46 1
47 2
48 1
49 1
50 0
51 2
52 1
53 2
54 0
55 2
56 1
57 2
58 0
59 2
60 1
61 0
62 2
63 1
64 0
65 2
66 2
67 1
68 0
69 2
70 0
71 1
72 2
73 0
74 1
75 1
76 1
77 2
78 0
79 1
80 1
81 2
82 1
83 0
84 1
85 1
86 0
87 1
88 0
89 1
90 0
91 0
92 1
93 0
94 0
95 0
96 2
97 2
98 1
99 1
100 1
101 0
102 1
103 1
104 2
105 2
106 1
107 0
108 1
109 1
110 0
111 2
112 1
113 0
114 1
115 1
116 0
117 1
118 0
119 0
120 2
121 2
122 1
123 0
124 2
125 0
126 2
127 0
128 2
129 0
130 2
131 0
132 2
133 1
134 1
135 0
136 0
137 1
138 1
139 0
140 2
141 2
142 1
143 0
144 2
145 2
146 2
147 1
148 2
149 2
150 0
151 2
152 2
153 0
154 0
155 0
156 0
157 0
158 2
159 2
160 0
161 1
162 0
163 1
164 2
165 0
166 0
167 0
168 0
169 0
170 0
171 1
172 1
173 2
174 2
175 1
176 0
177 2
178 2
179 0
180 1
181 0
182 2
183 2
184 0
185 2
186 2
187 0
188 1
189 0
190 2
191 2
192 1
193 1
194 1
195 2
196 1
197 1
198 2
199 1
200 0
201 1
202 2
203 1
204 0
205 2
206 1
207 0
208 2
209 2
210 0
211 2
212 2
213 1
214 0
215 0
216 1
217 0
218 1
219 0
220 1
221 0
222 0
223 0
224 2
225 2
226 2
227 1
228 2
229 1
230 1
231 2
232 2
233 0
234 0
235 2
236 1
237 2
238 1
239 2
240 1
241 1
242 2
243 2
244 2
245 2
246 2
247 2
248 2
249 1
250 2
251 2
252 0
253 0
254 0
255 0
256 2
257 1
258 2
259 1
260 0
261 1
262 2
263 0
264 0
265 1
266 0
267 1
268 0
269 1
270 0
271 2
272 1
273 2
274 0
275 0
276 1
277 1
278 0
279 0
280 2
281 2
282 2
283 2
284 0
285 0
286 2
287 0
288 0
289 1
290 0
291 1
292 2
293 1
294 0
295 1
296 1
297 1
298 0
299 1
